1.64551e+09	1.27281	-0.785381	0.22	-0.5	1
1.64551e+09	1.27281	-0.785381	0.22	-0.5	1
1.64551e+09	1.27281	-0.785381	0.22	-0.5	1
1.64551e+09	1.27281	-0.78472	0.22	-0.5	1
1.64551e+09	1.27249	-0.78299	0.22	-0.5	1
1.64551e+09	1.27043	-0.801582	-0.163867	-0.5	-0.255151
1.64551e+09	1.26787	-0.828228	-0.162001	-0.5	-0.263633
1.64551e+09	1.26786	-0.857435	-0.159955	-0.5	-0.27293
1.64551e+09	1.26786	-0.892505	-0.1575	-0.5	-0.284093
1.64551e+09	1.25552	-0.943805	-0.153907	-0.5	-0.300423
1.64551e+09	1.25551	-0.98345	-0.151131	-0.5	-0.313042
1.64551e+09	1.24764	-1.03351	-0.147625	-0.5	-0.328977
1.64551e+09	1.24764	-1.07215	-0.14492	-0.5	-0.341275
1.64551e+09	1.24765	-1.10773	-0.142428	-0.5	-0.352602
1.64551e+09	1.24139	-1.15904	-0.138835	-0.5	-0.368934
1.64551e+09	1.2414	-1.18754	-0.136839	-0.5	-0.378005
1.64551e+09	1.23411	-1.21915	-0.134625	-0.5	-0.388067
1.64551e+09	1.23411	-1.22263	-0.134381	-0.5	-0.389176
1.64551e+09	1.23137	-1.22505	-0.134212	-0.5	-0.389944
1.64551e+09	1.23179	-1.21057	-0.135226	-0.5	-0.385336
1.64551e+09	1.23267	-1.19363	-0.136412	-0.5	-0.379945
1.64551e+09	1.23459	-1.17381	-0.1378	-0.5	-0.373634
1.64551e+09	1.23616	-1.14977	-0.139484	-0.5	-0.365982
1.64551e+09	1.23849	-1.12385	-0.141299	-0.5	-0.357732
1.64551e+09	1.24053	-1.10036	-0.142944	-0.5	-0.350254
1.64551e+09	1.24396	-1.0732	-0.144846	-0.5	-0.341609
1.64551e+09	1.24396	-1.0498	-0.146484	-0.5	-0.334163
1.64551e+09	1.24954	-1.02297	-0.148363	-0.5	-0.325622
1.64551e+09	1.24954	-1.00236	-0.149807	-0.5	-0.319061
1.64551e+09	1.25614	-0.978052	-0.151509	-0.5	-0.311323
1.64551e+09	1.25613	-0.961688	-0.152655	-0.5	-0.306115
1.64551e+09	1.26277	-0.937442	-0.154353	-0.5	-0.298397
1.64551e+09	1.26276	-0.919248	-0.155627	-0.5	-0.292606
1.64551e+09	1.27056	-0.89083	-0.157617	-0.5	-0.28356
1.64551e+09	1.27056	-0.871896	-0.158943	-0.5	-0.277533
1.64551e+09	1.27391	-0.848436	-0.160586	-0.5	-0.270066
1.64551e+09	1.27863	-0.825152	-0.162216	-0.5	-0.262654
1.64551e+09	1.28227	-0.801889	-0.163845	-0.5	-0.255249
1.64551e+09	1.28844	-0.774032	0.22	-0.5	1
1.64551e+09	1.28843	-0.752925	0.22	-0.5	1
1.64551e+09	1.28843	-0.733944	0.22	-0.5	1
1.64551e+09	1.29788	-0.711602	0.22	-0.5	1
1.64551e+09	1.29788	-0.694156	0.22	-0.5	1
1.64551e+09	1.29787	-0.68033	0.22	-0.5	1
1.64551e+09	1.29787	-0.668021	0.22	-0.5	1
1.64551e+09	1.29787	-0.653689	0.22	-0.5	1
1.64551e+09	1.32946	-0.616719	0.22	-0.5	1
1.64551e+09	1.32946	-0.593989	0.22	-0.5	1
1.64551e+09	1.34038	-0.570116	0.22	-0.5	1
1.64551e+09	1.34038	-0.552818	0.22	-0.5	1
1.64551e+09	1.35189	-0.532098	0.22	-0.5	1
1.64551e+09	1.35188	-0.516358	0.22	-0.5	1
1.64551e+09	1.35189	-0.499823	0.22	-0.5	1
1.64551e+09	1.36299	-0.474685	0.22	-0.5	1
1.64551e+09	1.36715	-0.450492	0.22	-0.5	1
1.64551e+09	1.36844	-0.435624	0.22	-0.5	1
1.64551e+09	1.36661	-0.430464	0.22	-0.5	1
1.64551e+09	1.36141	-0.424918	0.22	-0.5	1
1.64551e+09	1.35708	-0.417255	0.22	-0.497475	1
1.64551e+09	1.34869	-0.411389	0.22	-0.491345	1
1.64551e+09	1.34307	-0.409382	0.22	-0.48918	1
1.64551e+09	1.3345	-0.410201	0.22	-0.490787	1
1.64551e+09	1.32865	-0.412855	0.22	-0.493789	1
1.64551e+09	1.32032	-0.412751	0.22	-0.490875	1
1.64551e+09	1.31439	-0.408879	0.22	-0.489007	1
1.64551e+09	1.3144	-0.402336	0.22	-0.482445	1
1.64551e+09	1.30044	-0.402089	0.22	-0.484466	1
1.64551e+09	1.29273	-0.399718	0.22	-0.477387	1
1.64551e+09	1.28678	-0.399702	0.22	-0.479638	1
1.64551e+09	1.27751	-0.400483	0.22	-0.480881	1
1.64551e+09	1.27751	-0.398019	0.22	-0.47896	1
1.64551e+09	1.27159	-0.397431	0.22	-0.479171	1
1.64551e+09	1.27161	-0.390708	0.22	-0.468123	1
1.64551e+09	1.25734	-0.385123	0.22	-0.46588	1
1.64551e+09	1.25735	-0.376546	0.22	-0.455952	1
1.64551e+09	1.23548	-0.375707	0.22	-0.456038	1
1.64551e+09	1.23548	-0.366794	0.22	-0.446188	1
1.64551e+09	1.23548	-0.362648	0.22	-0.442307	1
1.64551e+09	1.22103	-0.361073	0.22	-0.442132	1
1.64551e+09	1.22102	-0.352556	0.22	-0.431709	1
1.64551e+09	1.22102	-0.342122	0.22	-0.423643	1
1.64551e+09	1.20138	-0.339617	0.22	-0.418403	1
1.64551e+09	1.20139	-0.330978	0.22	-0.410063	1
1.64551e+09	1.18691	-0.33092	0.22	-0.411534	1
1.64551e+09	1.18691	-0.346812	0.22	-0.429064	1
1.64551e+09	1.18691	-0.393219	0.22	-0.471345	1
1.64551e+09	1.16255	-0.451558	0.22	-0.5	1
1.64551e+09	1.157	-0.493138	0.22	-0.5	1
1.64551e+09	1.14888	-0.539484	0.22	-0.5	1
1.64551e+09	1.14351	-0.58706	0.22	-0.5	1
1.64551e+09	1.13687	-0.639044	0.22	-0.5	1
1.64551e+09	1.13687	-0.682063	0.22	-0.5	1
1.64551e+09	1.12597	-0.736967	0.22	-0.5	1
1.64551e+09	1.12596	-0.786738	-0.164906	-0.5	-0.250427
1.64551e+09	1.11579	-0.838272	-0.161297	-0.5	-0.26683
1.64551e+09	1.11578	-0.887299	-0.157864	-0.5	-0.282436
1.64551e+09	1.11192	-0.930213	-0.154859	-0.5	-0.296096
1.64551e+09	1.10786	-0.951791	-0.153348	-0.5	-0.302964
1.64551e+09	1.10834	-0.948355	-0.153588	-0.5	-0.301871
1.64551e+09	1.10835	-0.934322	-0.154571	-0.5	-0.297404
1.64551e+09	1.11333	-0.915381	-0.155898	-0.5	-0.291375
1.64551e+09	1.11332	-0.898007	-0.157114	-0.5	-0.285844
1.64551e+09	1.11332	-0.880992	-0.158306	-0.5	-0.280429
1.64551e+09	1.12088	-0.856632	-0.160012	-0.5	-0.272674
1.64551e+09	1.12422	-0.834835	-0.161538	-0.5	-0.265736
1.64551e+09	1.12876	-0.812042	-0.163134	-0.5	-0.258481
1.64551e+09	1.13249	-0.78787	-0.164827	-0.5	-0.250787
1.64551e+09	1.13824	-0.761727	0.22	-0.5	1
1.64551e+09	1.1423	-0.734459	0.22	-0.5	1
1.64551e+09	1.14829	-0.709119	0.22	-0.5	1
1.64551e+09	1.15246	-0.68819	0.22	-0.5	1
1.64551e+09	1.15702	-0.667853	0.22	-0.5	1
1.64551e+09	1.157	-0.656424	0.22	-0.5	1
1.64551e+09	1.15461	-0.651699	0.22	-0.5	1
1.64551e+09	1.1546	-0.644401	0.22	-0.5	1
1.64551e+09	1.15141	-0.640568	0.22	-0.5	1
1.64551e+09	1.14622	-0.635083	0.22	-0.5	1
1.64551e+09	1.13403	-0.635328	0.22	-0.5	1
1.64551e+09	1.13403	-0.632696	0.22	-0.5	1
1.64551e+09	1.12898	-0.631168	0.22	-0.5	1
1.64551e+09	1.11915	-0.629546	0.22	-0.5	1
1.64551e+09	1.11915	-0.620819	0.22	-0.5	1
1.64551e+09	1.106	-0.631334	0.22	-0.5	1
1.64551e+09	1.10599	-0.678769	0.22	-0.5	1
1.64551e+09	1.09447	-0.739222	0.22	-0.5	1
1.64551e+09	1.09446	-0.773174	0.22	-0.5	1
1.64551e+09	1.08463	-0.806713	-0.163507	-0.5	-0.256785
1.64551e+09	1.08464	-0.847083	-0.16068	-0.5	-0.269635
1.64551e+09	1.0806	-0.898572	-0.157075	-0.5	-0.286024
1.64551e+09	1.07475	-0.943014	-0.153962	-0.5	-0.300171
1.64551e+09	1.07476	-0.976062	-0.151648	-0.5	-0.31069
1.64551e+09	1.07042	-0.998271	-0.150093	-0.5	-0.317759
1.64551e+09	1.07132	-0.981014	-0.151301	-0.5	-0.312266
1.64551e+09	1.07401	-0.956022	-0.153052	-0.5	-0.304311
1.64551e+09	1.07402	-0.935765	-0.15447	-0.5	-0.297863
1.64551e+09	1.07995	-0.909859	-0.156284	-0.5	-0.289617
1.64551e+09	1.07994	-0.888235	-0.157799	-0.5	-0.282734
1.64551e+09	1.08794	-0.863776	-0.159511	-0.5	-0.274948
1.64551e+09	1.08793	-0.845582	-0.160785	-0.5	-0.269157
1.64551e+09	1.09646	-0.820194	-0.162563	-0.5	-0.261076
1.64551e+09	1.09646	-0.80379	-0.163712	-0.5	-0.255854
1.64551e+09	1.10015	-0.779557	0.22	-0.5	1
1.64551e+09	1.106	-0.757445	0.22	-0.5	1
1.64551e+09	1.11004	-0.731718	0.22	-0.5	1
1.64551e+09	1.11555	-0.705626	0.22	-0.5	1
1.64551e+09	1.11554	-0.682875	0.22	-0.5	1
1.64551e+09	1.12045	-0.662109	0.22	-0.5	1
1.64551e+09	1.11896	-0.655996	0.22	-0.5	1
1.64551e+09	1.11543	-0.649819	0.22	-0.5	1
1.64551e+09	1.11166	-0.642922	0.22	-0.5	1
1.64551e+09	1.10478	-0.640746	0.22	-0.5	1
1.64551e+09	1.10477	-0.633973	0.22	-0.5	1
1.64551e+09	1.0933	-0.635689	0.22	-0.5	1
1.64551e+09	1.08814	-0.633088	0.22	-0.5	1
1.64551e+09	1.08113	-0.62997	0.22	-0.5	1
1.64551e+09	1.07598	-0.623306	0.22	-0.5	1
1.64551e+09	1.06914	-0.642531	0.22	-0.5	1
1.64551e+09	1.06434	-0.684296	0.22	-0.5	1
1.64551e+09	1.05681	-0.735612	0.22	-0.5	1
1.64551e+09	1.05681	-0.776717	0.22	-0.5	1
1.64551e+09	1.05252	-0.822141	-0.162427	-0.5	-0.261696
1.64551e+09	1.04698	-0.879968	-0.158377	-0.5	-0.280102
1.64551e+09	1.03735	-0.932942	-0.154668	-0.5	-0.296965
1.64551e+09	1.03735	-0.964079	-0.152487	-0.5	-0.306876
1.64551e+09	1.0328	-0.995534	-0.150285	-0.5	-0.316888
1.64551e+09	1.0328	-0.996539	-0.150214	-0.5	-0.317208
1.64551e+09	1.03328	-0.983233	-0.151146	-0.5	-0.312973
1.64551e+09	1.03542	-0.960782	-0.152718	-0.5	-0.305826
1.64551e+09	1.0376	-0.936261	-0.154435	-0.5	-0.298021
1.64551e+09	1.04083	-0.910002	-0.156274	-0.5	-0.289663
1.64551e+09	1.04389	-0.88428	-0.158075	-0.5	-0.281475
1.64551e+09	1.04863	-0.857322	-0.159963	-0.5	-0.272894
1.64551e+09	1.05208	-0.834848	-0.161537	-0.5	-0.26574
1.64551e+09	1.05712	-0.815128	-0.162918	-0.5	-0.259463
1.64551e+09	1.06085	-0.796132	-0.164248	-0.5	-0.253417
1.64551e+09	1.06671	-0.771972	0.22	-0.5	1
1.64551e+09	1.06672	-0.754165	0.22	-0.5	1
1.64551e+09	1.07074	-0.731606	0.22	-0.5	1
1.64551e+09	1.0803	-0.701948	0.22	-0.5	1
1.64551e+09	1.08149	-0.683966	0.22	-0.5	1
1.64551e+09	1.08149	-0.672065	0.22	-0.5	1
1.64551e+09	1.08005	-0.666172	0.22	-0.5	1
1.64551e+09	1.07433	-0.6611	0.22	-0.5	1
1.64551e+09	1.07019	-0.65488	0.22	-0.5	1
1.64551e+09	1.06386	-0.651115	0.22	-0.5	1
1.64551e+09	1.06385	-0.643189	0.22	-0.5	1
1.64551e+09	1.05105	-0.642978	0.22	-0.5	1
1.64551e+09	1.05105	-0.635585	0.22	-0.5	1
1.64551e+09	1.03776	-0.642819	0.22	-0.5	1
1.64551e+09	1.03778	-0.645684	0.22	-0.5	1
1.64551e+09	1.03279	-0.683788	0.22	-0.5	1
1.64551e+09	1.02394	-0.734746	0.22	-0.5	1
1.64551e+09	1.01944	-0.791278	-0.164588	-0.5	-0.251872
1.64551e+09	1.01338	-0.839615	-0.161203	-0.5	-0.267258
1.64551e+09	1.00932	-0.885231	-0.158009	-0.5	-0.281778
1.64551e+09	1.00355	-0.941226	-0.154088	-0.5	-0.299602
1.64551e+09	1.00355	-0.990016	-0.150671	-0.5	-0.315132
1.64551e+09	0.999218	-1.01837	-0.148686	-0.5	-0.324156
1.64551e+09	0.99922	-1.01658	-0.148811	-0.5	-0.323586
1.64551e+09	1.00158	-1.00052	-0.149935	-0.5	-0.318477
1.64551e+09	1.00158	-0.981592	-0.151261	-0.5	-0.31245
1.64551e+09	1.00705	-0.956508	-0.153018	-0.5	-0.304466
1.64551e+09	1.00705	-0.936694	-0.154405	-0.5	-0.298159
1.64551e+09	1.01437	-0.909116	-0.156336	-0.5	-0.289381
1.64551e+09	1.01437	-0.890579	-0.157634	-0.5	-0.28348
1.64551e+09	1.02197	-0.86219	-0.159622	-0.5	-0.274444
1.64551e+09	1.02197	-0.842266	-0.161018	-0.5	-0.268102
1.64551e+09	1.02551	-0.814632	-0.162953	-0.5	-0.259305
1.64551e+09	1.03111	-0.787957	-0.164821	-0.5	-0.250815
1.64551e+09	1.03509	-0.766809	0.22	-0.5	1
1.64551e+09	1.04015	-0.743362	0.22	-0.5	1
1.64551e+09	1.04425	-0.727807	0.22	-0.5	1
1.64551e+09	1.05065	-0.710518	0.22	-0.5	1
1.64551e+09	1.05422	-0.691454	0.22	-0.5	1
1.64551e+09	1.05554	-0.681313	0.22	-0.5	1
1.64551e+09	1.05421	-0.679171	0.22	-0.5	1
1.64551e+09	1.04979	-0.678386	0.22	-0.5	1
1.64551e+09	1.04978	-0.670541	0.22	-0.5	1
1.64551e+09	1.0401	-0.669828	0.22	-0.5	1
1.64551e+09	1.0401	-0.66948	0.22	-0.5	1
1.64551e+09	1.02814	-0.677482	0.22	-0.5	1
1.64551e+09	1.02813	-0.677256	0.22	-0.5	1
1.64551e+09	1.01663	-0.68083	0.22	-0.5	1
1.64551e+09	1.01663	-0.673424	0.22	-0.5	1
1.64551e+09	1.0045	-0.677004	0.22	-0.5	1
1.64551e+09	1.0045	-0.669565	0.22	-0.5	1
1.64551e+09	0.999475	-0.681189	0.22	-0.5	1
1.64551e+09	0.990465	-0.722937	0.22	-0.5	1
1.64551e+09	0.990467	-0.772124	0.22	-0.5	1
1.64551e+09	0.986107	-0.825399	-0.162199	-0.5	-0.262733
1.64551e+09	0.98037	-0.873945	-0.158799	-0.5	-0.278185
1.64551e+09	0.970529	-0.925854	-0.155164	-0.5	-0.294709
1.64551e+09	0.970526	-0.971287	-0.151983	-0.5	-0.30917
1.64551e+09	0.963587	-1.02177	-0.148447	-0.5	-0.325239
1.64551e+09	0.963595	-1.02804	-0.148009	-0.5	-0.327234
1.64551e+09	0.963846	-1.02742	-0.148052	-0.5	-0.327038
1.64551e+09	0.96385	-1.01128	-0.149182	-0.5	-0.3219
1.64551e+09	0.968119	-0.992189	-0.150519	-0.5	-0.315824
1.64551e+09	0.968121	-0.973565	-0.151823	-0.5	-0.309895
1.64551e+09	0.970569	-0.951856	-0.153343	-0.5	-0.302985
1.64551e+09	0.974723	-0.927719	-0.155034	-0.5	-0.295302
1.64551e+09	0.977738	-0.904571	-0.156655	-0.5	-0.287934
1.64551e+09	0.981971	-0.882543	-0.158197	-0.5	-0.280922
1.64551e+09	0.985309	-0.85741	-0.159957	-0.5	-0.272922
1.64551e+09	0.990521	-0.828333	-0.161993	-0.5	-0.263667
1.64551e+09	0.994251	-0.802663	-0.163791	-0.5	-0.255496
1.64551e+09	0.994242	-0.781625	0.22	-0.5	1
1.64551e+09	1.00333	-0.754582	0.22	-0.5	1
1.64551e+09	1.00936	-0.733223	0.22	-0.5	1
1.64551e+09	1.00936	-0.721568	0.22	-0.5	1
1.64551e+09	1.01343	-0.696977	0.22	-0.5	1
1.64551e+09	1.01857	-0.677658	0.22	-0.5	1
1.64551e+09	1.0178	-0.669473	0.22	-0.5	1
1.64551e+09	1.01446	-0.666615	0.22	-0.5	1
1.64551e+09	1.01092	-0.663202	0.22	-0.5	1
1.64551e+09	1.00424	-0.663179	0.22	-0.5	1
1.64551e+09	0.999583	-0.660131	0.22	-0.5	1
1.64551e+09	0.992647	-0.658287	0.22	-0.5	1
1.64551e+09	0.987567	-0.655036	0.22	-0.5	1
1.64551e+09	0.980404	-0.652001	0.22	-0.5	1
1.64551e+09	0.980408	-0.642927	0.22	-0.5	1
1.64551e+09	0.975238	-0.637185	0.22	-0.5	1
1.64551e+09	0.968097	-0.632784	0.22	-0.5	1
1.64551e+09	0.955801	-0.642307	0.22	-0.5	1
1.64551e+09	0.955807	-0.681215	0.22	-0.5	1
1.64551e+09	0.944285	-0.743855	0.22	-0.5	1
1.64551e+09	0.944278	-0.809505	-0.163312	-0.5	-0.257674
1.64551e+09	0.940072	-0.849605	-0.160504	-0.5	-0.270438
1.64551e+09	0.934191	-0.886317	-0.157933	-0.5	-0.282124
1.64551e+09	0.930423	-0.921833	-0.155446	-0.5	-0.293428
1.64551e+09	0.925924	-0.964223	-0.152477	-0.5	-0.306922
1.64551e+09	0.925931	-0.961653	-0.152657	-0.5	-0.306104
1.64551e+09	0.927671	-0.943867	-0.153903	-0.5	-0.300442
1.64551e+09	0.927672	-0.925619	-0.155181	-0.5	-0.294634
1.64551e+09	0.933457	-0.903103	-0.156757	-0.5	-0.287467
1.64551e+09	0.933458	-0.883449	-0.158134	-0.5	-0.281211
1.64551e+09	0.936415	-0.858442	-0.159885	-0.5	-0.27325
1.64551e+09	0.942815	-0.830889	-0.161814	-0.5	-0.26448
1.64551e+09	0.946554	-0.804651	-0.163652	-0.5	-0.256128
1.64551e+09	0.953581	-0.77815	0.22	-0.5	1
1.64551e+09	0.953579	-0.758849	0.22	-0.5	1
1.64551e+09	0.957461	-0.738484	0.22	-0.5	1
1.64551e+09	0.963045	-0.71646	0.22	-0.5	1
1.64551e+09	0.966435	-0.694758	0.22	-0.5	1
1.64551e+09	0.967595	-0.680419	0.22	-0.5	1
1.64551e+09	0.965909	-0.674124	0.22	-0.5	1
1.64551e+09	0.961472	-0.668999	0.22	-0.5	1
1.64551e+09	0.957442	-0.663579	0.22	-0.5	1
1.64551e+09	0.950745	-0.659654	0.22	-0.5	1
1.64551e+09	0.945915	-0.655791	0.22	-0.5	1
1.64551e+09	0.938823	-0.654279	0.22	-0.5	1
1.64551e+09	0.938826	-0.647311	0.22	-0.5	1
1.64551e+09	0.926393	-0.658447	0.22	-0.5	1
1.64551e+09	0.926413	-0.684611	0.22	-0.5	1
1.64551e+09	0.915294	-0.7396	0.22	-0.5	1
1.64551e+09	0.915293	-0.795296	-0.164307	-0.5	-0.25315
1.64551e+09	0.905235	-0.849094	-0.160539	-0.5	-0.270275
1.64551e+09	0.905232	-0.893126	-0.157456	-0.5	-0.284291
1.64551e+09	0.897358	-0.922926	-0.155369	-0.5	-0.293776
1.64551e+09	0.89739	-0.922371	-0.155408	-0.5	-0.2936
1.64551e+09	0.896553	-0.924343	-0.15527	-0.5	-0.294227
1.64551e+09	0.897618	-0.908791	-0.156359	-0.5	-0.289277
1.64551e+09	0.899436	-0.888746	-0.157763	-0.5	-0.282897
1.64551e+09	0.902769	-0.868252	-0.159198	-0.5	-0.276373
1.64551e+09	0.905703	-0.844694	-0.160848	-0.5	-0.268874
1.64551e+09	0.910519	-0.82027	-0.162558	-0.5	-0.2611
1.64551e+09	0.914236	-0.791688	-0.16456	-0.5	-0.252002
1.64551e+09	0.919115	-0.764918	0.22	-0.5	1
1.64551e+09	0.92327	-0.740088	0.22	-0.5	1
1.64551e+09	0.923264	-0.722199	0.22	-0.5	1
1.64551e+09	0.933122	-0.696629	0.22	-0.5	1
1.64551e+09	0.937437	-0.672456	0.22	-0.5	1
1.64551e+09	0.938	-0.657824	0.22	-0.5	1
1.64551e+09	0.935382	-0.650539	0.22	-0.5	1
1.64551e+09	0.932257	-0.642568	0.22	-0.5	1
1.64551e+09	0.932251	-0.63277	0.22	-0.5	1
1.64551e+09	0.923783	-0.630337	0.22	-0.5	1
1.64551e+09	0.918909	-0.62422	0.22	-0.5	1
1.64551e+09	0.911451	-0.621034	0.22	-0.5	1
1.64551e+09	0.906207	-0.615814	0.22	-0.5	1
1.64551e+09	0.897778	-0.616998	0.22	-0.5	1
1.64551e+09	0.897795	-0.638098	0.22	-0.5	1
1.64551e+09	0.886198	-0.690996	0.22	-0.5	1
1.64551e+09	0.886205	-0.737	0.22	-0.5	1
1.64551e+09	0.875254	-0.807077	-0.163482	-0.5	-0.2569
1.64551e+09	0.875241	-0.85944	-0.159815	-0.5	-0.273568
1.64551e+09	0.871413	-0.901038	-0.156902	-0.5	-0.286809
1.64551e+09	0.864418	-0.932568	-0.154694	-0.5	-0.296846
1.64551e+09	0.861236	-0.950113	-0.153465	-0.5	-0.30243
1.64551e+09	0.859702	-0.96557	-0.152383	-0.5	-0.307351
1.64551e+09	0.860378	-0.950305	-0.153452	-0.5	-0.302491
1.64551e+09	0.862405	-0.929633	-0.154899	-0.5	-0.295912
1.64551e+09	0.864663	-0.907021	-0.156483	-0.5	-0.288714
1.64551e+09	0.868745	-0.88253	-0.158198	-0.5	-0.280918
1.64551e+09	0.868748	-0.863734	-0.159514	-0.5	-0.274935
1.64551e+09	0.876509	-0.833758	-0.161613	-0.5	-0.265393
1.64551e+09	0.876503	-0.813425	-0.163037	-0.5	-0.258921
1.64551e+09	0.885823	-0.783907	0.22	-0.5	1
1.64551e+09	0.885816	-0.765829	0.22	-0.5	1
1.64551e+09	0.89511	-0.741874	0.22	-0.5	1
1.64551e+09	0.895099	-0.724614	0.22	-0.5	1
1.64551e+09	0.895087	-0.708605	0.22	-0.5	1
1.64551e+09	0.899742	-0.700107	0.22	-0.5	1
1.64551e+09	0.898122	-0.695291	0.22	-0.5	1
1.64551e+09	0.89411	-0.688088	0.22	-0.5	1
1.64551e+09	0.890244	-0.683172	0.22	-0.5	1
1.64551e+09	0.884375	-0.681562	0.22	-0.5	1
1.64551e+09	0.879525	-0.678002	0.22	-0.5	1
1.64551e+09	0.872204	-0.677774	0.22	-0.5	1
1.64551e+09	0.867019	-0.675981	0.22	-0.5	1
1.64551e+09	0.860588	-0.700956	0.22	-0.5	1
1.64551e+09	0.855855	-0.744275	0.22	-0.5	1
1.64551e+09	0.84895	-0.803846	-0.163708	-0.5	-0.255872
1.64551e+09	0.84487	-0.865661	-0.159379	-0.5	-0.275548
1.64551e+09	0.839796	-0.90818	-0.156402	-0.5	-0.289083
1.64551e+09	0.839803	-0.937741	-0.154332	-0.5	-0.298492
1.64551e+09	0.835156	-0.963915	-0.152499	-0.5	-0.306824
1.64551e+09	0.83516	-0.953543	-0.153225	-0.5	-0.303522
1.64551e+09	0.835162	-0.940553	-0.154135	-0.5	-0.299387
1.64551e+09	0.835815	-0.926315	-0.155132	-0.5	-0.294855
1.64551e+09	0.840301	-0.900602	-0.156933	-0.5	-0.28667
1.64551e+09	0.8444	-0.876952	-0.158589	-0.5	-0.279143
1.64551e+09	0.852453	-0.844766	-0.160843	-0.5	-0.268898
1.64551e+09	0.85246	-0.823169	-0.162355	-0.5	-0.262023
1.64551e+09	0.856014	-0.79803	-0.164115	-0.5	-0.254021
1.64551e+09	0.861567	-0.771867	0.22	-0.5	1
1.64551e+09	0.865563	-0.747947	0.22	-0.5	1
1.64551e+09	0.871311	-0.722913	0.22	-0.5	1
1.64551e+09	0.875331	-0.702086	0.22	-0.5	1
1.64551e+09	0.880038	-0.681503	0.22	-0.5	1
1.64551e+09	0.88018	-0.674021	0.22	-0.5	1
1.64551e+09	0.878004	-0.667937	0.22	-0.5	1
1.64551e+09	0.875024	-0.662338	0.22	-0.5	1
1.64551e+09	0.869392	-0.659545	0.22	-0.5	1
1.64551e+09	0.869389	-0.650482	0.22	-0.5	1
1.64551e+09	0.858119	-0.653765	0.22	-0.5	1
1.64551e+09	0.858118	-0.650372	0.22	-0.5	1
1.64551e+09	0.845281	-0.658441	0.22	-0.5	1
1.64551e+09	0.845285	-0.655767	0.22	-0.5	1
1.64551e+09	0.840192	-0.650268	0.22	-0.5	1
1.64551e+09	0.830838	-0.680933	0.22	-0.5	1
1.64551e+09	0.826158	-0.724007	0.22	-0.5	1
1.64551e+09	0.819185	-0.772855	0.22	-0.5	1
1.64551e+09	0.814961	-0.831868	-0.161746	-0.5	-0.264792
1.64551e+09	0.814964	-0.871398	-0.158978	-0.5	-0.277375
1.64551e+09	0.807778	-0.919901	-0.155581	-0.5	-0.292814
1.64551e+09	0.804181	-0.967042	-0.15228	-0.5	-0.307819
1.64551e+09	0.800348	-0.998286	-0.150092	-0.5	-0.317764
1.64551e+09	0.799695	-0.998307	-0.15009	-0.5	-0.317771
1.64551e+09	0.800843	-0.983397	-0.151134	-0.5	-0.313025
1.64551e+09	0.80253	-0.960447	-0.152742	-0.5	-0.30572
1.64551e+09	0.80583	-0.935055	-0.15452	-0.5	-0.297637
1.64551e+09	0.808606	-0.912269	-0.156115	-0.5	-0.290384
1.64551e+09	0.813211	-0.886739	-0.157903	-0.5	-0.282258
1.64551e+09	0.816472	-0.864637	-0.159451	-0.5	-0.275223
1.64551e+09	0.82101	-0.840751	-0.161124	-0.5	-0.267619
1.64551e+09	0.821016	-0.823156	-0.162356	-0.5	-0.262019
1.64551e+09	0.830182	-0.794943	-0.164332	-0.5	-0.253038
1.64551e+09	0.830193	-0.775413	0.22	-0.5	1
1.64551e+09	0.83901	-0.743712	0.22	-0.5	1
1.64551e+09	0.839008	-0.720615	0.22	-0.5	1
1.64551e+09	0.849147	-0.690518	0.22	-0.5	1
1.64551e+09	0.849137	-0.671087	0.22	-0.5	1
1.64551e+09	0.854089	-0.651665	0.22	-0.5	1
1.64551e+09	0.854078	-0.644404	0.22	-0.5	1
1.64551e+09	0.852689	-0.639882	0.22	-0.5	1
1.64551e+09	0.84834	-0.634421	0.22	-0.5	1
1.64551e+09	0.844444	-0.628161	0.22	-0.5	1
1.64551e+09	0.838382	-0.627273	0.22	-0.5	1
1.64551e+09	0.833399	-0.626209	0.22	-0.5	1
1.64551e+09	0.826085	-0.627035	0.22	-0.5	1
1.64551e+09	0.820756	-0.62508	0.22	-0.5	1
1.64551e+09	0.813705	-0.62426	0.22	-0.5	1
1.64551e+09	0.808545	-0.623516	0.22	-0.5	1
1.64551e+09	0.800859	-0.626812	0.22	-0.5	1
1.64551e+09	0.795719	-0.623768	0.22	-0.5	1
1.64551e+09	0.788542	-0.640039	0.22	-0.5	1
1.64551e+09	0.783799	-0.681859	0.22	-0.5	1
1.64551e+09	0.776695	-0.734648	0.22	-0.5	1
1.64551e+09	0.776695	-0.79256	-0.164498	-0.5	-0.25228
1.64551e+09	0.767112	-0.859364	-0.15982	-0.5	-0.273544
1.64551e+09	0.767125	-0.891381	-0.157578	-0.5	-0.283735
1.64551e+09	0.763413	-0.931951	-0.154737	-0.5	-0.296649
1.64551e+09	0.758245	-0.982905	-0.151169	-0.5	-0.312869
1.64551e+09	0.755359	-1.01496	-0.148924	-0.5	-0.323073
1.64551e+09	0.754061	-1.00926	-0.149323	-0.5	-0.321257
1.64551e+09	0.754978	-0.992213	-0.150517	-0.5	-0.315831
1.64551e+09	0.757809	-0.97224	-0.151916	-0.5	-0.309474
1.64551e+09	0.760105	-0.949122	-0.153535	-0.5	-0.302115
1.64551e+09	0.763869	-0.923167	-0.155352	-0.5	-0.293853
1.64551e+09	0.76387	-0.903892	-0.156702	-0.5	-0.287718
1.64551e+09	0.766882	-0.878717	-0.158465	-0.5	-0.279704
1.64551e+09	0.771853	-0.853428	-0.160236	-0.5	-0.271654
1.64551e+09	0.775224	-0.827048	-0.162083	-0.5	-0.263257
1.64551e+09	0.780159	-0.799065	-0.164043	-0.5	-0.25435
1.64551e+09	0.788957	-0.7683	0.22	-0.5	1
1.64551e+09	0.788955	-0.746257	0.22	-0.5	1
1.64551e+09	0.792994	-0.723309	0.22	-0.5	1
1.64551e+09	0.79906	-0.698981	0.22	-0.5	1
1.64551e+09	0.802646	-0.681552	0.22	-0.5	1
1.64551e+09	0.804112	-0.669787	0.22	-0.5	1
1.64551e+09	0.802768	-0.664387	0.22	-0.5	1
1.64551e+09	0.798041	-0.659589	0.22	-0.5	1
1.64551e+09	0.794026	-0.653732	0.22	-0.5	1
1.64551e+09	0.788294	-0.649899	0.22	-0.5	1
1.64551e+09	0.783361	-0.647717	0.22	-0.5	1
1.64551e+09	0.776222	-0.646445	0.22	-0.5	1
1.64551e+09	0.771093	-0.648316	0.22	-0.5	1
1.64551e+09	0.764469	-0.651764	0.22	-0.5	1
1.64551e+09	0.759421	-0.652956	0.22	-0.5	1
1.64551e+09	0.751513	-0.654869	0.22	-0.5	1
1.64551e+09	0.751515	-0.647448	0.22	-0.5	1
1.64551e+09	0.746429	-0.64362	0.22	-0.5	1
1.64551e+09	0.739546	-0.666666	0.22	-0.5	1
1.64551e+09	0.728354	-0.72162	0.22	-0.5	1
1.64551e+09	0.728362	-0.764868	0.22	-0.5	1
1.64551e+09	0.718608	-0.813064	-0.163063	-0.5	-0.258806
1.64551e+09	0.718622	-0.852087	-0.16033	-0.5	-0.271228
1.64551e+09	0.708869	-0.917123	-0.155776	-0.5	-0.291929
1.64551e+09	0.708873	-0.933907	-0.1546	-0.5	-0.297272
1.64551e+09	0.705729	-0.973208	-0.151848	-0.5	-0.309782
1.64551e+09	0.704324	-0.990964	-0.150605	-0.5	-0.315434
1.64551e+09	0.704331	-0.975401	-0.151694	-0.5	-0.31048
1.64551e+09	0.707982	-0.951887	-0.153341	-0.5	-0.302995
1.64551e+09	0.707984	-0.931821	-0.154746	-0.5	-0.296608
1.64551e+09	0.714849	-0.902852	-0.156775	-0.5	-0.287387
1.64551e+09	0.714856	-0.885876	-0.157964	-0.5	-0.281983
1.64551e+09	0.71805	-0.861845	-0.159647	-0.5	-0.274334
1.64551e+09	0.723353	-0.833016	-0.161665	-0.5	-0.265157
1.64551e+09	0.727084	-0.805309	-0.163606	-0.5	-0.256338
1.64551e+09	0.732367	-0.773522	0.22	-0.5	1
1.64551e+09	0.73636	-0.748725	0.22	-0.5	1
1.64551e+09	0.742196	-0.724492	0.22	-0.5	1
1.64551e+09	0.746267	-0.704547	0.22	-0.5	1
1.64551e+09	0.750564	-0.683187	0.22	-0.5	1
1.64551e+09	0.751044	-0.67403	0.22	-0.5	1
1.64551e+09	0.74841	-0.670913	0.22	-0.5	1
1.64551e+09	0.748406	-0.66304	0.22	-0.5	1
1.64551e+09	0.745306	-0.659029	0.22	-0.5	1
1.64551e+09	0.738751	-0.657954	0.22	-0.5	1
1.64551e+09	0.734119	-0.656293	0.22	-0.5	1
1.64551e+09	0.726977	-0.659909	0.22	-0.5	1
1.64551e+09	0.722006	-0.662766	0.22	-0.5	1
1.64551e+09	0.722008	-0.658259	0.22	-0.5	1
1.64551e+09	0.709292	-0.663712	0.22	-0.5	1
1.64551e+09	0.702033	-0.661033	0.22	-0.5	1
1.64551e+09	0.702034	-0.650203	0.22	-0.5	1
1.64551e+09	0.689516	-0.66882	0.22	-0.5	1
1.64551e+09	0.689519	-0.705198	0.22	-0.5	1
1.64551e+09	0.678341	-0.764192	0.22	-0.5	1
1.64551e+09	0.67836	-0.793687	-0.16442	-0.5	-0.252639
1.64551e+09	0.668652	-0.84379	-0.160911	-0.5	-0.268587
1.64551e+09	0.668657	-0.884096	-0.158088	-0.5	-0.281416
1.64551e+09	0.660524	-0.949887	-0.153481	-0.5	-0.302359
1.64551e+09	0.660534	-0.963013	-0.152562	-0.5	-0.306537
1.64551e+09	0.660786	-0.955319	-0.153101	-0.5	-0.304087
1.64551e+09	0.660792	-0.935497	-0.154489	-0.5	-0.297778
1.64551e+09	0.662506	-0.915258	-0.155906	-0.5	-0.291336
1.64551e+09	0.666166	-0.889719	-0.157695	-0.5	-0.283206
1.64551e+09	0.669063	-0.86514	-0.159416	-0.5	-0.275383
1.64551e+09	0.669072	-0.845862	-0.160766	-0.5	-0.269246
1.64551e+09	0.67518	-0.817927	-0.162722	-0.5	-0.260354
1.64551e+09	0.683969	-0.783739	0.22	-0.5	1
1.64551e+09	0.683978	-0.761493	0.22	-0.5	1
1.64551e+09	0.694936	-0.724016	0.22	-0.5	1
1.64551e+09	0.694927	-0.704844	0.22	-0.5	1
1.64551e+09	0.698597	-0.684433	0.22	-0.5	1
1.64551e+09	0.699473	-0.675441	0.22	-0.5	1
1.64551e+09	0.697348	-0.676202	0.22	-0.5	1
1.64551e+09	0.692787	-0.671761	0.22	-0.5	1
1.64551e+09	0.692783	-0.66196	0.22	-0.5	1
1.64551e+09	0.681909	-0.664828	0.22	-0.5	1
1.64551e+09	0.681912	-0.656033	0.22	-0.5	1
1.64551e+09	0.670414	-0.660156	0.22	-0.5	1
1.64551e+09	0.670424	-0.652594	0.22	-0.5	1
1.64551e+09	0.657648	-0.661433	0.22	-0.5	1
1.64551e+09	0.657665	-0.681923	0.22	-0.5	1
1.64551e+09	0.65768	-0.711396	0.22	-0.5	1
1.64551e+09	0.646779	-0.763688	0.22	-0.5	1
1.64551e+09	0.642292	-0.82134	-0.162483	-0.5	-0.261441
1.64551e+09	0.635964	-0.860861	-0.159716	-0.5	-0.27402
1.64551e+09	0.632053	-0.91384	-0.156005	-0.5	-0.290884
1.64551e+09	0.627211	-0.976217	-0.151637	-0.5	-0.31074
1.64551e+09	0.624439	-1.03763	-0.147337	-0.5	-0.330286
1.64551e+09	0.623057	-1.0523	-0.146309	-0.5	-0.334957
1.64551e+09	0.623057	-1.03839	-0.147283	-0.5	-0.33053
1.64551e+09	0.625429	-1.01268	-0.149084	-0.5	-0.322346
1.64551e+09	0.627394	-0.990367	-0.150646	-0.5	-0.315244
1.64551e+09	0.631104	-0.962045	-0.15263	-0.5	-0.306229
1.64551e+09	0.631102	-0.942321	-0.154011	-0.5	-0.29995
1.64551e+09	0.637885	-0.906975	-0.156486	-0.5	-0.288699
1.64551e+09	0.637881	-0.888715	-0.157765	-0.5	-0.282887
1.64551e+09	0.64601	-0.856079	-0.16005	-0.5	-0.272498
1.64551e+09	0.646009	-0.840989	-0.161107	-0.5	-0.267695
1.64551e+09	0.649458	-0.820618	-0.162534	-0.5	-0.261211
1.64551e+09	0.654584	-0.793917	-0.164403	-0.5	-0.252712
1.64551e+09	0.663898	-0.758004	0.22	-0.5	1
1.64551e+09	0.663899	-0.735331	0.22	-0.5	1
1.64551e+09	0.66809	-0.708763	0.22	-0.5	1
1.64551e+09	0.673696	-0.680712	0.22	-0.5	1
1.64551e+09	0.677456	-0.658701	0.22	-0.5	1
1.64551e+09	0.678611	-0.64768	0.22	-0.5	1
1.64551e+09	0.676859	-0.642847	0.22	-0.5	1
1.64551e+09	0.672589	-0.640647	0.22	-0.5	1
1.64551e+09	0.668612	-0.634378	0.22	-0.5	1
1.64551e+09	0.66167	-0.633563	0.22	-0.5	1
1.64551e+09	0.656845	-0.632706	0.22	-0.5	1
1.64551e+09	0.649806	-0.636332	0.22	-0.5	1
1.64551e+09	0.644877	-0.637657	0.22	-0.5	1
1.64551e+09	0.644873	-0.626096	0.22	-0.5	1
1.64551e+09	0.636625	-0.631112	0.22	-0.5	1
1.64551e+09	0.636625	-0.631112	0.22	-0.5	1
